72,66 66,65 65,60 60,57 57,55 55,52 52,51 51,48 48,54 54,53 53,47 47,45 45,39 39,26 26,36 36,38 38,46 46,50 50,42 42,31 31,29 29,34 34,41 41,43 43,40 40,37 37,30 30,33 33,49 49,67 67,63 63,69 69,76 76,87 87,91 91,94 94,95 95,71 71,74 74,77 77,73 73,68 68,59 59,56 56,44 44,28 28,21 21,27 27,32 32,17 17,20 20,23 23,25 25,16 16,13 13,10 10,12 12,22 22,24 24,70 70,75 75,79 79,82 82,80 80,78 78,83 83,99 99,109 109,111 111,114 114,6 6,3 3,1 1,2 2,4 4,8 8,9 9,11 11,14 14,18 18,96 96,92 92,90 90,102 102,101 101,86 86,108 108,112 112,113 113,118 118,121 121,117 117,116 116,115 115,89 89,93 93,98 98,100 100,103 103,110 110,88 88,81 81,61 61,58 58,35 35,62 62,85 85,84 84,97 97,64 64,19 19,15 15,7 7,5 5,0 0,105 105,104 104,106 106,107 107,120 120,119 119,127 127,122 122,181 181,175 175,168 168,171 171,178 178,173 173,172 172,174 174,183 183,180 180,176 176,177 177,179 179,169 169,166 166,167 167,164 164,158 158,157 157,161 161,165 165,170 170,192 192,187 187,190 190,188 188,137 137,138 138,143 143,149 149,152 152,156 156,153 153,151 151,146 146,150 150,154 154,147 147,142 142,134 134,128 128,132 132,135 135,130 130,140 140,145 145,148 148,141 141,136 136,139 139,144 144,155 155,160 160,162 162,163 163,185 185,182 182,186 186,123 123,159 159,184 184,191 191,189 189,193 193,133 133,131 131,126 126,125 125,124 124,129 129,72 
same
189,186 186,185 185,182 182,178 178,171 171,168 168,175 175,181 181,193 193,191 191,188 188,190 190,187 187,183 183,180 180,176 176,177 177,179 179,169 169,166 166,167 167,164 164,158 158,157 157,161 161,165 165,170 170,184 184,192 192,174 174,172 172,173 173,163 163,162 162,160 160,148 148,145 145,141 141,136 136,15 15,12 12,13 13,10 10,16 16,25 25,23 23,20 20,17 17,32 32,27 27,28 28,21 21,26 26,36 36,38 38,46 46,50 50,52 52,51 51,47 47,45 45,40 40,37 37,42 42,39 39,33 33,30 30,31 31,67 67,65 65,66 66,60 60,57 57,53 53,54 54,48 48,41 41,43 43,34 34,29 29,49 49,55 55,72 72,63 63,69 69,76 76,78 78,80 80,82 82,73 73,68 68,59 59,56 56,44 44,83 83,91 91,94 94,95 95,92 92,107 107,106 106,104 104,105 105,96 96,87 87,90 90,102 102,101 101,86 86,79 79,75 75,74 74,77 77,71 71,70 70,24 24,22 22,7 7,5 5,3 3,126 126,131 131,133 133,139 139,144 144,155 155,137 137,138 138,143 143,152 152,149 149,153 153,156 156,151 151,146 146,150 150,154 154,147 147,140 140,121 121,118 118,112 112,108 108,113 113,125 125,124 124,129 129,110 110,103 103,100 100,98 98,19 19,64 64,84 84,85 85,97 97,89 89,93 93,88 88,81 81,61 61,58 58,35 35,62 62,6 6,2 2,1 1,0 0,4 4,8 8,9 9,14 14,18 18,11 11,99 99,117 117,116 116,115 115,114 114,111 111,109 109,119 119,120 120,134 134,132 132,128 128,130 130,142 142,135 135,127 127,122 122,123 123,159 159,189 
same
same
126,131 131,133 133,136 136,139 139,144 144,148 148,145 145,141 141,137 137,138 138,113 113,112 112,108 108,101 101,102 102,90 90,92 92,95 95,94 94,96 96,91 91,87 87,82 82,80 80,78 78,76 76,69 69,63 63,23 23,25 25,20 20,33 33,39 39,42 42,40 40,37 37,45 45,47 47,51 51,52 52,53 53,43 43,41 41,48 48,54 54,166 166,169 169,170 170,165 165,161 161,157 157,158 158,164 164,167 167,177 177,179 179,184 184,192 192,187 187,190 190,188 188,191 191,162 162,160 160,132 132,134 134,128 128,130 130,135 135,147 147,142 142,154 154,150 150,146 146,151 151,152 152,143 143,149 149,153 153,156 156,140 140,121 121,118 118,125 125,124 124,129 129,155 155,163 163,168 168,171 171,181 181,175 175,178 178,173 173,172 172,174 174,183 183,180 180,176 176,182 182,185 185,186 186,189 189,193 193,159 159,127 127,122 122,123 123,119 119,120 120,116 116,115 115,114 114,111 111,109 109,107 107,106 106,104 104,105 105,117 117,99 99,83 83,72 72,66 66,65 65,60 60,57 57,55 55,46 46,50 50,38 38,36 36,26 26,28 28,44 44,56 56,59 59,32 32,21 21,9 9,8 8,11 11,14 14,18 18,29 29,31 31,34 34,30 30,49 49,67 67,27 27,17 17,68 68,73 73,77 77,74 74,71 71,75 75,79 79,86 86,70 70,24 24,22 22,12 12,13 13,10 10,16 16,6 6,3 3,1 1,2 2,4 4,7 7,5 5,15 15,35 35,58 58,88 88,89 89,93 93,98 98,100 100,103 103,110 110,97 97,85 85,84 84,64 64,19 19,62 62,61 61,81 81,0 0,126 
same
189,186 186,185 185,182 182,178 178,171 171,168 168,175 175,181 181,193 193,191 191,190 190,188 188,192 192,187 187,183 183,180 180,176 176,177 177,179 179,169 169,166 166,167 167,164 164,158 158,157 157,161 161,165 165,170 170,184 184,159 159,147 147,142 142,134 134,128 128,132 132,127 127,122 122,116 116,115 115,114 114,111 111,109 109,107 107,106 106,104 104,105 105,96 96,135 135,130 130,120 120,119 119,123 123,117 117,121 121,118 118,112 112,108 108,113 113,125 125,124 124,126 126,131 131,133 133,136 136,139 139,144 144,148 148,145 145,141 141,137 137,138 138,143 143,149 149,152 152,156 156,153 153,151 151,146 146,150 150,154 154,140 140,163 163,162 162,160 160,155 155,129 129,60 60,66 66,65 65,72 72,67 67,63 63,69 69,76 76,78 78,80 80,82 82,92 92,95 95,94 94,91 91,87 87,25 25,23 23,20 20,17 17,44 44,56 56,59 59,32 32,27 27,28 28,21 21,26 26,36 36,38 38,46 46,50 50,57 57,55 55,52 52,51 51,47 47,45 45,40 40,37 37,39 39,42 42,53 53,54 54,48 48,41 41,34 34,31 31,29 29,30 30,33 33,43 43,49 49,18 18,14 14,11 11,9 9,8 8,4 4,2 2,6 6,10 10,13 13,16 16,24 24,22 22,12 12,15 15,7 7,5 5,3 3,1 1,0 0,19 19,64 64,84 84,85 85,97 97,89 89,93 93,98 98,100 100,103 103,110 110,88 88,81 81,58 58,61 61,35 35,62 62,70 70,75 75,77 77,74 74,71 71,73 73,68 68,90 90,102 102,101 101,86 86,79 79,83 83,99 99,174 174,172 172,173 173,189 
same
same
same
same
same
same
same
same
same
same
same
same
same
same
same
same
same
same
same
same
same
same
same
same
same
same
same
same
same
same
same
same
same
same
same
same
same
same
same
same
same
